100	0.000132782
142	0.000308421
189	0.000377777
213	0.001249291
255	0.001563165
358	0.0016729
392	0.001968959
425	0.002059048
445	0.002128434
510	0.002460216
607	0.003135047
648	0.004101293
668	0.004166617
680	0.004477549
680	0.006055987
708	0.006845488
729	0.007347973
756	0.00790587
779	0.008096964
785	0.009546999
810	0.010477135
850	0.010543383
850	0.013061193
850	0.013443911
850	0.014249276
850	0.015608504
850	0.015864253
850	0.015931347
850	0.016937516
950	0.017410855
971	0.019426851
1133	0.020360416
1169	0.020445041
1200	0.0211187
1214	0.02149493
1214	0.022595782
1236	0.022657177
1250	0.023135311
1255	0.023619061
1275	0.025778677
1275	0.025844883
1328	0.026518541
1360	0.027950712
1417	0.028697952
1457	0.028757532
1488	0.029993233
1498	0.030548786
1500	0.030638586
1538	0.030913833
1594	0.031631317
1594	0.032314043
1619	0.033073836
1700	0.033919459
1700	0.034642799
1700	0.035198351
1700	0.035234437
1700	0.035591795
1842	0.036236838
1862	0.037101138
1870	0.037889022
1889	0.038312061
1902	0.038432364
1913	0.038483078
1983	0.039001894
2024	0.03933769
2072	0.039703489
2086	0.04022716
2092	0.040628479
2100	0.0413039
2125	0.043125226
2125	0.043780071
2125	0.043842976
2164	0.044351608
2231	0.04575148
2237	0.04642748
2288	0.047015578
2314	0.047472058
2338	0.048358727
2354	0.048874906
2391	0.049353993
2429	0.049920955
2456	0.051010896
2473	0.051064983
2550	0.05309746
2550	0.053308692
2631	0.053893426
2656	0.054748159
2656	0.05691245
2712	0.057484049
2720	0.057973955
2763	0.058963234
2763	0.059422392
2793	0.060242506
2833	0.060728199
2833	0.061929548
2833	0.062514681
2833	0.063543464
2869	0.063993645
2877	0.064535392
2922	0.065469153
2975	0.066597076
2975	0.067081429
2995	0.067901002
3022	0.068324041
3036	0.068398072
3036	0.068864923
3060	0.070141425
3081	0.070653088
3096	0.072120806
3117	0.074534873
3117	0.075070275
3157	0.075319269
3157	0.075616411
3188	0.077166835
3188	0.077849561
3211	0.078872196
3238	0.079523445
3250	0.08097827
3258	0.081678567
3339	0.082113129
3350	0.083996747
3400	0.084535071
3400	0.084839988
3400	0.08654013
3400	0.087624093
3400	0.088089054
3400	0.089102611
3400	0.090384403
3400	0.091658124
3471	0.091908748
3485	0.092449084
3542	0.093462532
3542	0.093940874
3559	0.09582307
3562	0.097744546
3643	0.098778136
3683	0.099895778
3683	0.101018906
3724	0.10230115
3731	0.102856702
3750	0.103567387
3778	0.104045733
3825	0.105102622
3825	0.106385678
3825	0.108021489
3845	0.108764684
3872	0.10886747
3878	0.10923127
3886	0.109678349
3886	0.110466521
3910	0.11133975
3923	0.111758141
3931	0.111946565
3967	0.112393644
3967	0.113369258
3984	0.115705541
3995	0.116416225
4000	0.116493207
4007	0.118039609
4014	0.118280803
4048	0.124204779
4080	0.125520517
4080	0.125884317
4129	0.126324003
4165	0.126920259
4169	0.12719004
4200	0.128479678
4250	0.130823669
4250	0.130867532
4250	0.132714493
4250	0.133467471
4250	0.134150197
4250	0.135703935
4250	0.141716279
4290	0.141819877
4331	0.142145592
4344	0.143159964
4439	0.144261139
4450	0.144330499
4463	0.145860771
4463	0.146219355
4463	0.147327538
4482	0.147383235
4493	0.147670646
4500	0.148906138
4533	0.150669897
4533	0.151200308
4533	0.152320707
4533	0.15406581
4550	0.154579976
4577	0.15560594
4581	0.155906925
4614	0.156384764
4614	0.156662532
4675	0.157087398
4675	0.157763398
4675	0.158327002
4708	0.15863253
4722	0.160043714
4722	0.160710006
4736	0.160796269
4760	0.161810376
4781	0.163206625
4800	0.163674456
4817	0.164937768
4838	0.165526013
4857	0.166002029
4857	0.167268266
4873	0.167823818
4888	0.168840016
4904	0.169612801
4958	0.17055092
4987	0.172424353
5000	0.173109829
5015	0.173810308
5060	0.174244869
5100	0.175811277
5100	0.176660461
5100	0.178126338
5100	0.179021523
5100	0.179655505
5100	0.180372931
5100	0.181572353
5100	0.18205144
5100	0.182767267
5140	0.182992688
5153	0.184169301
5157	0.184234261
5206	0.184286375
5231	0.185261769
5242	0.185313499
5282	0.185395702
5296	0.186379069
5313	0.18915904
5327	0.189714592
5343	0.19029672
5355	0.190574564
5355	0.191659802
5362	0.191931702
5368	0.192580471
5409	0.193746687
5464	0.194780966
5464	0.195108316
5478	0.195568054
5492	0.19651735
5500	0.197013561
5505	0.197769796
5525	0.197835192
5525	0.197925277
5550	0.198701788
5558	0.198745243
5564	0.200026916
5578	0.201054361
5586	0.202227803
5596	0.203171419
5600	0.204852103
5610	0.204948615
5641	0.206006277
5653	0.206336733
5667	0.207443911
5667	0.20860891
5667	0.212046392
5667	0.213046033
5667	0.214473996
5738	0.218380691
5748	0.21912079
5754	0.219687752
5761	0.220750869
5780	0.221655478
5829	0.221882507
5844	0.222856079
5844	0.224020166
5865	0.224554171
5910	0.225027634
5950	0.227612686
5950	0.227916532
5950	0.231098104
5950	0.231159499
5950	0.23241247
5950	0.232772729
5950	0.233894466
5950	0.233950093
6000	0.23425097
6044	0.234285273
6063	0.23438859
6071	0.235137274
6071	0.239476123
6120	0.244899359
6120	0.244978673
6139	0.245781422
6146	0.246051154
6152	0.246838358
6163	0.246917167
6182	0.247174982
6193	0.247682863
6212	0.248510163
6216	0.24940714
6233	0.249461097
6233	0.249692419
6233	0.250161029
6250	0.250207003
6259	0.251264953
6263	0.251953332
6274	0.252296706
6314	0.253281076
6314	0.254654116
6347	0.255308356
6350	0.255991082
6353	0.257171985
6375	0.258581748
6375	0.258645456
6375	0.260741319
6375	0.260843259
6375	0.263152083
6395	0.263686088
6442	0.264227836
6460	0.264901494
6460	0.265265294
6476	0.265525671
6517	0.266081224
6517	0.266621126
6534	0.26727065
6538	0.268463251
6550	0.269030213
6557	0.269186999
6588	0.270542118
6600	0.271121567
6611	0.273414065
6630	0.275794385
6630	0.27635799
6638	0.276552575
6658	0.277216012
6679	0.277612158
6679	0.279187496
6694	0.279716039
6706	0.281147047
6711	0.282205735
6729	0.282612059
6739	0.282829445
6800	0.286342692
6800	0.287977864
6800	0.289234853
6800	0.28946262
6800	0.291075962
6800	0.293464256
6800	0.296694263
6800	0.300311052
6800	0.302493309
6800	0.302993652
6800	0.303407173
6800	0.305211094
6800	0.306166701
6840	0.307369038
6881	0.308045133
6885	0.308551701
6906	0.308611223
6931	0.308657358
6942	0.308774192
6942	0.309381829
6955	0.310226729
6962	0.311009614
7013	0.311112374
7013	0.311809173
7013	0.312900725
7043	0.313264525
7043	0.313924273
7062	0.314932089
7083	0.317723455
7083	0.318565094
7083	0.318932275
7119	0.319215626
7140	0.320509661
7158	0.321902147
7192	0.322547589
7225	0.323808572
7225	0.324900451
7253	0.325298904
7286	0.328448565
7296	0.329225785
7310	0.330832617
7310	0.33197276
7323	0.332337468
7326	0.332596547
7337	0.333196823
7367	0.333594619
7388	0.334053811
7438	0.334210476
7438	0.334523104
7448	0.335130055
7468	0.335668675
7480	0.336068948
7495	0.336167829
7500	0.336708165
7523	0.337200491
7529	0.33764757
7556	0.339728557
7556	0.340573458
7573	0.341102587
7589	0.341431327
7605	0.341856193
7650	0.34513675
7650	0.345841806
7650	0.347242788
7650	0.348293684
7650	0.348665198
7650	0.349890176
7650	0.351177558
7650	0.352429277
7715	0.353595423
7727	0.358965313
7735	0.359803675
7744	0.360796133
7771	0.36128324
7778	0.362302121
7781	0.363075515
7792	0.36399104
7805	0.364171853
7809	0.364878602
7820	0.364936539
7846	0.366514543
7863	0.366567879
7863	0.366637778
7863	0.3669021
7893	0.367575679
7905	0.368162324
7916	0.368238199
7933	0.368746019
7933	0.371228029
7933	0.372198762
7933	0.372971282
7969	0.375270294
7969	0.376201369
7977	0.376254042
8000	0.376687323
8004	0.376748317
8014	0.376801653
8028	0.377223858
8028	0.377331533
8047	0.377906328
8053	0.382116539
8075	0.38315859
8075	0.383422471
8075	0.383546538
8095	0.394845783
8108	0.394954401
8114	0.396243051
8128	0.396294826
8176	0.399031999
8217	0.399620606
8234	0.39977637
8245	0.399841766
8250	0.400901431
8257	0.402814053
8268	0.403186807
8288	0.403959105
8288	0.404575756
8311	0.404808192
8330	0.40601053
8338	0.407364855
8379	0.408381771
8415	0.409147569
8419	0.409722503
8423	0.410045729
8435	0.410561908
8439	0.410749655
8443	0.411337901
8447	0.412261111
8455	0.413110842
8460	0.413912254
8500	0.420674287
8500	0.423648098
8500	0.434100634
8500	0.435386437
8500	0.436874687
8500	0.440944654
8500	0.445411823
8500	0.448665515
8500	0.450655756
8500	0.451444906
8500	0.45227702
8500	0.452527951
8500	0.456025439
8500	0.458233153
8543	0.458319329
8571	0.458390942
8577	0.458613891
8585	0.459676493
8679	0.460361969
8700	0.46060381
8702	0.461015855
8724	0.461612731
8743	0.462314298
8743	0.462528954
8762	0.462961091
8768	0.463880625
8783	0.464169037
8783	0.464369696
8800	0.464419401
8813	0.46539662
8854	0.467042544
8883	0.467268159
8905	0.468119767
8925	0.468337684
8947	0.47088458
8953	0.470940668
8972	0.47101312
9000	0.471552893
9026	0.472021502
9031	0.474522021
9031	0.474654874
9046	0.474719656
9067	0.474781753
9067	0.475104125
9067	0.475169121
9107	0.475226266
9107	0.477104075
9148	0.477830853
9154	0.478750431
9161	0.479759226
9168	0.479945562
9180	0.480090183
9208	0.480335417
9208	0.480988872
9244	0.481436047
9256	0.481487387
9265	0.481725973
9273	0.482312359
9289	0.482692005
9300	0.483055805
9310	0.484632049
9350	0.484700753
9350	0.485877802
9350	0.488108044
9350	0.488310651
9350	0.488512491
9350	0.488733411
9350	0.490322124
9350	0.491082929
9407	0.491166479
9415	0.492431821
9444	0.493670481
9444	0.497881872
9471	0.498474525
9471	0.498899142
9492	0.499295761
9505	0.499351358
9520	0.499635863
9539	0.500082942
9563	0.500483654
9563	0.500959669
9563	0.50338271
9593	0.504034739
9600	0.505022772
9612	0.50541939
9633	0.505495266
9633	0.506272485
9669	0.506467083
9674	0.507568259
9714	0.507644134
9714	0.509082047
9775	0.509819472
9775	0.51066385
9775	0.511074301
9795	0.51226171
9800	0.512320055
9808	0.514294334
9822	0.515430068
9828	0.515478471
9836	0.51628564
9860	0.517716648
9873	0.518112689
9881	0.51842471
9881	0.519041962
9917	0.519221112
9938	0.520442542
9988	0.521471716
9988	0.521507006
9998	0.522120273
10000	0.523716962
10018	0.524095998
10045	0.524181468
10069	0.525643943
10094	0.525717318
10106	0.525853695
10119	0.532568658
10123	0.533863762
10160	0.534935359
10200	0.536346634
10200	0.537777642
10200	0.540790489
10200	0.540889502
10200	0.545669967
10200	0.545742167
10200	0.546285179
10200	0.549042266
10200	0.549816153
10200	0.549891926
10200	0.550287006
10200	0.550671232
10200	0.5516345
10240	0.551945212
10243	0.552430656
10271	0.553589742
10306	0.554801192
10321	0.555396744
10328	0.556195908
10362	0.556264215
10370	0.557775192
10400	0.558315529
10413	0.558990752
10436	0.560503643
10462	0.562128666
10483	0.562222973
10519	0.562427529
10524	0.564039436
10554	0.56481351
10564	0.565679785
10578	0.566657284
10592	0.566860639
10625	0.571566092
10625	0.571734049
10625	0.573245007
10625	0.575968259
10625	0.577522355
10664	0.578148136
10686	0.578416733
10696	0.578487904
10723	0.580000738
10731	0.580079689
10767	0.580610569
10767	0.581094318
10788	0.581396969
10795	0.58145692
10807	0.581952999
10814	0.583310475
10818	0.583585911
10823	0.583689608
10838	0.584796477
10848	0.585112503
10908	0.585174704
10916	0.585538504
10929	0.585639625
10929	0.586645567
10956	0.587328293
10973	0.587411711
10985	0.58745942
11000	0.587654006
11008	0.587707341
11050	0.587761277
11050	0.587814915
11050	0.58834356
11050	0.590025915
11050	0.59007925
11050	0.590760775
11121	0.591326556
11127	0.592233007
11131	0.592917167
11156	0.596896604
11156	0.598180063
11184	0.59888435
11220	0.599089934
11239	0.599825973
11263	0.600689612
11293	0.601691256
11305	0.603122264
11333	0.605040975
11333	0.605765209
11333	0.606453178
11333	0.607164521
11369	0.608378278
11390	0.609181028
11475	0.611284827
11475	0.611346222
11495	0.613332895
11500	0.613969949
11514	0.615038953
11522	0.615636844
11542	0.615954725
11546	0.617437151
11560	0.617537443
11560	0.617895123
11560	0.619295686
11576	0.619518463
11591	0.620902997
11657	0.621084704
11676	0.625128452
11688	0.625716697
11718	0.625778092
11738	0.627292832
11758	0.627511737
11806	0.628609952
11806	0.630501239
11829	0.632120281
11839	0.632196054
11900	0.632672512
11900	0.632950437
11900	0.633007186
11900	0.63315182
11900	0.633783384
11900	0.634200894
11900	0.634381242
11900	0.63512655
11900	0.635198714
11945	0.642488452
11977	0.642591093
11985	0.643755533
11994	0.644842956
12006	0.64507395
12006	0.645135926
12042	0.64537398
12062	0.645594846
12089	0.645650474
12143	0.64745864
12143	0.654770894
12155	0.655487685
12219	0.655535164
12224	0.656383104
12240	0.656451863
12240	0.656523179
12272	0.657381859
12278	0.65743192
12278	0.658077667
12297	0.658962296
12305	0.659327004
12364	0.660376981
12372	0.660430305
12410	0.662747944
12410	0.663740612
12467	0.664458333
12500	0.665685928
12507	0.665994361
12518	0.666029651
12561	0.666670403
12561	0.66693078
12608	0.667219191
12629	0.667344431
12650	0.668330248
12656	0.669193106
12710	0.669514727
12750	0.672029972
12750	0.672584403
12750	0.675791078
12750	0.677181475
12750	0.678535551
12750	0.678702093
12750	0.679468409
12750	0.680093474
12750	0.682140778
12800	0.68218765
12835	0.682355917
12850	0.682843551
12905	0.682909033
12939	0.682987149
12952	0.684515464
12963	0.68459852
12963	0.684670972
12963	0.684670972
12982	0.685602735
12993	0.685844478
13033	0.685911786
13054	0.686140953
13077	0.68865358
13114	0.688920563
13114	0.691369432
13128	0.691486367
13136	0.69157569
13142	0.691801112
13155	0.692099075
13175	0.692182624
13222	0.692304932
13222	0.692413175
13246	0.692490216
13260	0.692711486
13281	0.692753295
13338	0.69365514
13357	0.694362848
13388	0.69609263
13388	0.696167418
13404	0.696245627
13418	0.696654869
13421	0.697188875
13438	0.698265167
13458	0.69927633
13479	0.699481868
13494	0.699544608
13515	0.699579744
13519	0.699886821
13523	0.699953282
13535	0.700218688
13547	0.700808017
13560	0.701790275
13600	0.702939393
13600	0.703090789
13600	0.703663359
13600	0.704936081
13600	0.706538481
13600	0.707297053
13661	0.708550281
13706	0.709603246
13721	0.709678033
13721	0.710143208
13731	0.710433562
13755	0.711427945
13762	0.712393365
13770	0.71264399
13770	0.712726849
13813	0.71289965
13855	0.713487895
13862	0.714885877
13866	0.715426971
13868	0.716346355
13883	0.716403745
13909	0.716476005
13924	0.718644698
13978	0.718809216
14005	0.720194713
14025	0.720273727
14072	0.720321207
14072	0.721137301
14167	0.722544552
14167	0.724568367
14167	0.725148017
14167	0.725225081
14184	0.725280706
14195	0.726300608
14356	0.726375395
14379	0.726780199
14385	0.727902572
14393	0.728091807
14450	0.728326577
14450	0.728436294
14521	0.72850137
14556	0.730303176
14571	0.731302602
14571	0.733934388
14592	0.736014065
14639	0.736184581
14733	0.736253285
14733	0.736346715
14754	0.73675999
14804	0.737012397
14853	0.737326889
14875	0.73818864
14875	0.739178155
14875	0.739370498
14922	0.7405071
14922	0.741386719
14960	0.741510495
14960	0.742498528
14981	0.742645604
14981	0.743145534
15057	0.744022824
15088	0.744084219
15088	0.744428979
15130	0.745372308
15179	0.746575278
15194	0.747221872
15215	0.747294132
15300	0.747442214
15300	0.747975346
15300	0.748339146
15300	0.748825703
15300	0.749216023
15340	0.749300037
15381	0.749375855
15385	0.749543309
15394	0.750236362
15421	0.750289051
15455	0.75165124
15470	0.752050849
15502	0.752606402
15513	0.75266498
15536	0.753692107
15543	0.754831948
15583	0.754907823
15619	0.755424002
15624	0.756369621
15678	0.756828824
15692	0.757507823
15705	0.757942384
15750	0.759002049
15764	0.759458391
15772	0.759533178
15786	0.760186201
15786	0.762997012
15796	0.763054568
15831	0.763143891
15867	0.763222136
15895	0.763422785
15907	0.763853857
15918	0.763933461
15938	0.766528426
15938	0.767767951
16000	0.767815105
16029	0.767893457
16029	0.769909668
16044	0.770837411
16056	0.771146223
16089	0.771975532
16100	0.773087554
16150	0.7735377
16150	0.773648034
16150	0.775068254
16150	0.775623807
16150	0.77595016
16190	0.780975935
16227	0.781540004
16256	0.782268914
16292	0.782326707
16312	0.78288226
16346	0.783282533
16363	0.783350393
16469	0.785586716
16500	0.786065802
16504	0.786065802
16514	0.786332834
16575	0.786455699
16608	0.787359959
16636	0.787938262
16673	0.788189512
16676	0.788453835
16745	0.78858548
16757	0.789480829
16811	0.789563132
16858	0.790244618
16894	0.790463523
16906	0.791523002
16919	0.791581584
16960	0.792059718
17000	0.795456016
17000	0.797030803
17000	0.804067627
17000	0.805569115
17000	0.807879098
17000	0.808726342
17000	0.808786152
17000	0.809048188
17000	0.809112832
17000	0.809794824
17000	0.810152504
17121	0.810214893
17202	0.811960163
17319	0.812029945
17405	0.813790861
17425	0.813825231
17458	0.815015472
17486	0.815472451
17486	0.815532327
17531	0.815615765
17708	0.817085569
17723	0.81734229
17729	0.818397245
17744	0.819596119
17779	0.820825177
17810	0.823005855
17850	0.823131599
17895	0.823354826
17935	0.823497127
17944	0.823946194
18005	0.824028588
18012	0.824428862
18039	0.824530195
18063	0.824605969
18190	0.825936049
18214	0.826413328
18214	0.828367081
18253	0.828427189
18360	0.828621775
18391	0.830431615
18417	0.830588224
18511	0.830758517
18521	0.831314069
18594	0.835482605
18700	0.835969432
18700	0.836219692
18700	0.837854863
18785	0.838304483
18806	0.841629475
18862	0.841884227
18870	0.842439779
18889	0.844611467
18943	0.846300332
18983	0.846493344
19000	0.848128515
19019	0.84818843
19040	0.848304953
19125	0.849539478
19168	0.854155851
19210	0.855808631
19241	0.855863126
19267	0.855923877
19295	0.85599161
19318	0.856126189
19380	0.858635124
19380	0.859906061
19444	0.861957167
19456	0.862015104
19465	0.863172734
19550	0.864122758
19550	0.865004668
19590	0.865439229
19615	0.86581544
19627	0.865915732
19631	0.866565245
19635	0.866611428
19833	0.866675778
19869	0.86771874
20036	0.868027172
20069	0.868249603
20076	0.868816565
20081	0.869280179
20238	0.873588903
20400	0.873715429
20400	0.873799686
20400	0.874349291
20400	0.874436129
20400	0.874534486
20481	0.874816771
20485	0.875042193
20589	0.875191033
20627	0.875370321
20719	0.875444306
20778	0.875500579
20850	0.875884598
20864	0.875963537
20931	0.878091804
20967	0.878820687
21000	0.880103288
21018	0.880873078
21048	0.882173961
21129	0.882554653
21156	0.882773558
21210	0.883131237
21250	0.884211194
21250	0.884667887
21250	0.88689145
21250	0.887842265
21250	0.888106793
21250	0.888179565
21344	0.88917073
21533	0.889249851
21577	0.890659455
21590	0.890737727
21622	0.897486441
21636	0.897564791
21655	0.898120343
21695	0.898374632
21722	0.898434584
21746	0.898852094
22006	0.900103655
22050	0.90092907
22262	0.9012709
22313	0.90149652
22313	0.901828701
22525	0.903114356
22525	0.90560001
22667	0.905707197
22667	0.905773659
22695	0.905853258
22738	0.906361253
22844	0.90756359
22856	0.907593366
22879	0.907766166
22950	0.907808976
23007	0.909509852
23182	0.910949636
23233	0.911495649
23328	0.91172921
23375	0.912426009
23436	0.916012811
23476	0.916842121
23538	0.917542083
23611	0.917689646
23630	0.917895184
23735	0.918252864
23800	0.918292336
23906	0.91838369
23959	0.918445084
24000	0.919883123
24083	0.920285281
24124	0.922608657
24286	0.926057673
24367	0.92685963
24438	0.92734678
24544	0.927420335
24556	0.928289983
24781	0.928553863
25169	0.930516243
25217	0.930569465
25217	0.931327482
25500	0.931380276
25500	0.933222224
25500	0.934542307
25500	0.935601972
25500	0.935655296
25606	0.935776734
25827	0.936269618
26067	0.936602035
26107	0.937370473
26310	0.937625168
26350	0.937720698
26350	0.939338326
26822	0.940437545
27200	0.940882072
27200	0.940945597
27382	0.941121365
27731	0.941197241
27956	0.941257118
28010	0.942248719
28050	0.942418052
28156	0.943688652
28239	0.943762007
28333	0.947394813
28369	0.947462266
29183	0.948137744
29750	0.948355561
29750	0.949547933
29892	0.949956508
30033	0.951276861
30033	0.951705171
30175	0.953178553
30281	0.954128761
30357	0.954814237
30600	0.955126174
30813	0.956548554
30909	0.957170653
31329	0.96046922
31531	0.964348616
31875	0.964690198
31946	0.964857175
31960	0.965272863
32300	0.966177429
32340	0.971063879
32381	0.971633144
32527	0.971858566
32745	0.972213072
32810	0.973209218
33469	0.974411556
33500	0.975612818
33575	0.97638591
34000	0.976434355
34283	0.976664652
34383	0.976746926
34405	0.977752162
34595	0.977839784
34850	0.977904566
35236	0.97843177
35417	0.979114157
36125	0.979656131
36223	0.979717723
36429	0.980128467
36429	0.980556776
37145	0.981636306
37400	0.981702087
37910	0.983717124
37926	0.985107334
37967	0.98618861
38048	0.986565796
38250	0.986716627
38327	0.986889428
38335	0.987028888
39865	0.98761402
40395	0.988694931
42146	0.989106247
43208	0.990134144
43244	0.991048054
43539	0.991137378
44306	0.991454675
44540	0.99182802
44647	0.992226518
44741	0.99302902
44838	0.993071776
45305	0.993875167
47090	0.993929685
47458	0.994005585
47919	0.994138736
48981	0.994214509
53019	0.994953449
57304	0.995814611
58650	0.996617361
63656	0.996748982
70763	0.997797307
76606	0.9983515
78306	0.998430093
79428	0.999638173
84894	0.999708759
85956	0.999931986
89356	1
