99	0.004729643
100	0.008830544
105	0.008892857
106	0.009510115
110	0.010437241
116	0.011900822
120	0.014100519
125	0.014356267
140	0.014881564
144	0.016098374
150	0.020595714
196	0.02071495
198	0.020793629
200	0.025016512
210	0.025520138
213	0.026211912
216	0.027242257
220	0.028185428
225	0.030207031
230	0.030878722
240	0.030971725
242	0.031987744
250	0.034248064
260	0.035553078
265	0.0356375
280	0.03636584
297	0.037394746
300	0.052562795
304	0.053587744
312	0.053859134
320	0.055793587
325	0.056363295
330	0.0577483
340	0.058847042
343	0.059535561
347	0.059607429
350	0.066996881
356	0.067077149
358	0.068279545
360	0.06979747
366	0.069867205
374	0.070487439
375	0.071529037
378	0.071633395
380	0.071819126
384	0.071887097
386	0.072042658
390	0.072612367
394	0.072704548
400	0.105149325
402	0.106236015
405	0.107159511
410	0.109730879
411	0.109828492
420	0.110615662
421	0.110704309
423	0.110960057
425	0.111910549
430	0.112124212
432	0.11267171
435	0.115921913
440	0.116232764
450	0.136632657
454	0.136704087
456	0.137546445
460	0.137680655
467	0.138202983
470	0.140180202
474	0.140245157
475	0.141960426
477	0.142023034
480	0.144648452
484	0.146800477
486	0.147119505
490	0.147214405
495	0.147303052
499	0.147468625
500	0.193352056
503	0.19403931
504	0.195036474
506	0.195146848
510	0.195747998
511	0.195986386
512	0.196032502
514	0.196844194
520	0.197533391
522	0.197620765
524	0.197704306
525	0.19951953
529	0.200144681
530	0.200930075
531	0.20101745
532	0.201666508
533	0.201755155
536	0.203083042
540	0.204953203
542	0.205040578
545	0.205307675
547	0.205360763
550	0.216696587
552	0.216771679
554	0.21738532
558	0.217489779
560	0.218736325
563	0.219141229
565	0.219404591
568	0.219933473
569	0.220275764
570	0.222337855
575	0.223213187
576	0.223288801
579	0.223666031
580	0.22519173
583	0.226351476
584	0.227624512
585	0.227715926
587	0.227787236
589	0.227847673
590	0.228677558
595	0.22888016
599	0.228947403
600	0.276536596
606	0.276668804
608	0.276725404
610	0.278191403
611	0.279698102
616	0.27980246
620	0.280924497
622	0.281012564
625	0.284011061
627	0.284103287
630	0.284191934
632	0.284524904
635	0.284829105
637	0.286392868
638	0.286431913
640	0.287393812
645	0.290242699
646	0.290685532
647	0.291299654
648	0.2922069
650	0.308928477
653	0.309867089
654	0.312728344
657	0.313183611
660	0.314628858
670	0.315358217
671	0.317784285
675	0.31975122
680	0.321009826
682	0.321077346
683	0.321149753
685	0.321221482
688	0.322026083
690	0.322840162
691	0.322894664
693	0.32390154
700	0.383298089
705	0.384966157
706	0.385421423
713	0.386442791
714	0.387254483
716	0.387887691
720	0.391080084
722	0.39208329
725	0.392283583
729	0.39284111
730	0.393749145
737	0.394174177
740	0.394788069
742	0.395051664
745	0.395142928
749	0.396377704
750	0.42363758
752	0.42520084
756	0.4257484
760	0.426535443
765	0.426984097
770	0.427698951
775	0.428330232
777	0.428612664
780	0.432990334
784	0.433678011
790	0.434766959
794	0.435022708
799	0.4358344
800	0.490440811
804	0.491074019
806	0.493476768
816	0.498433917
818	0.498981399
825	0.499639062
832	0.500750825
840	0.501758914
843	0.503722539
845	0.505317427
849	0.506047921
850	0.526562144
853	0.52760288
860	0.528582031
867	0.530030035
870	0.53023192
872	0.53077301
875	0.531319548
880	0.531912911
890	0.533612906
891	0.533917108
894	0.534787861
895	0.535725723
896	0.536561201
899	0.53792517
900	0.594117611
906	0.595058529
910	0.596751402
915	0.597903149
920	0.599407212
925	0.599486346
926	0.600650739
930	0.601268242
933	0.601780045
940	0.602050527
942	0.60421266
950	0.615835085
952	0.616335484
962	0.617848244
970	0.618077575
975	0.618502182
978	0.619410217
979	0.62096888
980	0.62337997
985	0.623849534
990	0.62704002
998	0.628573941
999	0.62946728
1000	0.685127019
1005	0.686255969
1020	0.687768171
1023	0.689477832
1030	0.690669396
1033	0.691316867
1036	0.692720418
1037	0.694097819
1038	0.694585601
1040	0.695711913
1045	0.696208787
1047	0.697889965
1050	0.699688513
1064	0.702396239
1065	0.70320016
1066	0.704980653
1070	0.706132059
1080	0.707916227
1093	0.709546808
1099	0.71007615
1100	0.733276365
1103	0.734493806
1115	0.735657616
1116	0.737130837
1130	0.737949886
1133	0.738566477
1146	0.738813262
1149	0.739228189
1150	0.744132679
1164	0.745189494
1165	0.748457429
1172	0.749756618
1175	0.74998415
1180	0.751482629
1184	0.752111905
1200	0.792622883
1215	0.79268841
1216	0.793486048
1221	0.794077263
1243	0.794928858
1245	0.796547551
1246	0.797455586
1248	0.798883608
1250	0.805501789
1255	0.806727079
1261	0.807538771
1276	0.807538771
1278	0.807852531
1282	0.808524071
1283	0.809335763
1296	0.8110677
1300	0.823288881
1313	0.823677725
1319	0.824114784
1350	0.825686349
1354	0.825686349
1380	0.826980634
1394	0.827336359
1400	0.841933773
1420	0.842183494
1425	0.842382944
1440	0.844329462
1446	0.844901463
1450	0.84769691
1452	0.849417072
1455	0.850276024
1480	0.851352381
1482	0.85185278
1487	0.853819734
1490	0.85522444
1500	0.876621264
1550	0.879760278
1555	0.880431981
1595	0.881510579
1600	0.898440761
1614	0.898699626
1630	0.90000538
1644	0.901345456
1650	0.901654267
1670	0.90258794
1672	0.90289384
1687	0.903984764
1691	0.905002378
1700	0.909515164
1720	0.910705313
1726	0.911265827
1750	0.912996143
1755	0.913359255
1800	0.922844681
1801	0.923648602
1850	0.924569433
1855	0.925381125
1900	0.93157513
1930	0.932954793
1950	0.934230449
1954	0.935615347
2000	0.944815255
2050	0.945278628
2093	0.947477622
2100	0.948705012
2146	0.949446188
2150	0.949728461
2200	0.95337075
2300	0.954350219
2330	0.956022083
2372	0.956827981
2385	0.957365133
2400	0.96144457
2463	0.962120208
2500	0.963683895
2600	0.965473019
2700	0.966547109
2750	0.967230261
2800	0.969301264
2888	0.97049991
2900	0.970987863
3000	0.980093549
3120	0.981229008
3200	0.982630307
3400	0.983830313
3500	0.985235555
3600	0.987232934
4000	0.988880462
4200	0.990137908
4800	0.991058403
5000	0.991884191
5500	0.99217773
9999	0.992438529
10226	0.993103609
24658	1
