243	4.72937E-05
283	0.00023024
340	0.00212604
425	0.017550554
425	0.018065197
510	0.018196823
567	0.098075493
567	0.098149073
607	0.098261889
638	0.109916025
680	0.110916435
708	0.110996266
850	0.166815429
850	0.17466591
850	0.175710976
850	0.176120774
850	0.17620484
971	0.176331274
992	0.176380178
1020	0.176628699
1063	0.180818235
1133	0.216879012
1133	0.217102891
1190	0.217357617
1275	0.223198965
1360	0.223994675
1417	0.236383891
1417	0.236952659
1488	0.240620379
1530	0.241435509
1558	0.241481261
1700	0.304097433
1700	0.314758852
1700	0.316573473
1700	0.317000081
1842	0.317009967
1870	0.317530203
1913	0.32047947
1983	0.328439604
2040	0.329687606
2125	0.330785224
2210	0.331039073
2267	0.351885854
2267	0.352532218
2338	0.353405431
2380	0.353883256
2429	0.354036338
2550	0.364400425
2550	0.373449005
2550	0.374410084
2550	0.374994681
2550	0.375120898
2692	0.375297063
2720	0.377372935
2763	0.378624819
2833	0.397087241
2833	0.397786692
2890	0.398635452
2914	0.399140901
2975	0.403592073
2975	0.403786519
3060	0.405313712
3117	0.415103531
3117	0.415872026
3157	0.415932163
3188	0.417565801
3230	0.41781032
3258	0.417996831
3279	0.41838074
3400	0.517658279
3400	0.527137761
3400	0.531120627
3400	0.532556816
3400	0.532957657
3542	0.533760091
3570	0.534489649
3613	0.535646688
3643	0.535951123
3683	0.538208826
3683	0.538701658
3740	0.539111948
3825	0.54088917
3825	0.540994361
3886	0.541200659
3967	0.546818243
3967	0.547178096
4007	0.547414384
4038	0.548001532
4080	0.548405147
4108	0.548440924
4129	0.548525503
4250	0.556475599
4250	0.561404865
4250	0.564091194
4250	0.56676838
4250	0.567255651
4371	0.567863461
4392	0.568358733
4420	0.568774245
4463	0.570329057
4533	0.58111927
4533	0.582147595
4590	0.583258212
4614	0.583458525
4675	0.58458744
4675	0.584700785
4736	0.584768486
4760	0.5850337
4817	0.586616577
4817	0.586780596
4857	0.587462781
4888	0.5876721
4930	0.587931141
4958	0.589216544
4979	0.589312305
5100	0.608312986
5100	0.612653295
5100	0.615494732
5100	0.618776297
5100	0.619693072
5242	0.620126375
5270	0.62028831
5313	0.621330516
5383	0.622664736
5383	0.622857538
5440	0.623772001
5464	0.62383805
5525	0.624398455
5525	0.624600878
5586	0.62462688
5610	0.625187914
5667	0.638765012
5667	0.640607609
5738	0.641161021
5780	0.641319383
5808	0.641639851
5829	0.641850187
5950	0.644602054
5950	0.646623736
5950	0.647387051
5950	0.649555968
5950	0.649856594
6071	0.650539964
6092	0.650657237
6120	0.651022967
6163	0.651133907
6193	0.651277984
6233	0.655093359
6233	0.655324347
6290	0.655426463
6314	0.65548181
6375	0.659245548
6375	0.659756435
6460	0.660027123
6517	0.662735422
6517	0.663096787
6557	0.663329069
6588	0.66422774
6630	0.664443439
6658	0.664647473
6800	0.709149044
6800	0.712558525
6800	0.716312245
6800	0.718004196
6800	0.718614419
6942	0.719082022
6970	0.719503586
7013	0.719724713
7043	0.71973603
7083	0.722098561
7083	0.724880051
7140	0.725191494
7164	0.725405012
7225	0.726218577
7225	0.726314338
7286	0.72755207
7367	0.729928458
7367	0.730167779
7438	0.731505952
7480	0.731622618
7508	0.732254677
7529	0.7324141
7650	0.734266926
7650	0.737413323
7650	0.738302955
7650	0.739582081
7650	0.739745784
7771	0.740437351
7792	0.740722381
7820	0.741132035
7863	0.741365481
7893	0.74164766
7933	0.744378153
7933	0.744609342
7990	0.744811153
8014	0.744822528
8075	0.745267728
8075	0.745659648
8160	0.746180958
8217	0.747127783
8217	0.747394125
8257	0.747628854
8288	0.748460091
8330	0.748594237
8379	0.748673853
8500	0.764506946
8500	0.770351019
8500	0.773369146
8500	0.778085788
8500	0.779268536
8642	0.779425608
8670	0.779440537
8713	0.779662378
8743	0.780277903
8783	0.781843528
8783	0.782399434
8840	0.782662167
8925	0.783610243
8925	0.783831091
9010	0.784017191
9067	0.786700893
9067	0.787288812
9107	0.787509436
9138	0.787957228
9180	0.788818739
9208	0.789604202
9229	0.78964081
9350	0.790617933
9350	0.790850958
9350	0.791922121
9350	0.792558572
9350	0.792927017
9471	0.793058195
9492	0.793290932
9520	0.793380268
9563	0.794153714
9633	0.794551226
9633	0.794808063
9690	0.795346236
9714	0.795649764
9775	0.796284947
9775	0.796495699
9836	0.796575314
9860	0.796685569
9917	0.798935028
9917	0.799219835
9957	0.799285713
9988	0.799365173
10030	0.799376268
10058	0.799464155
10079	0.79962653
10200	0.811081327
10200	0.814201873
10200	0.817306986
10200	0.819288264
10200	0.819646453
10321	0.819740208
10342	0.819813789
10370	0.820133899
10413	0.820555893
10483	0.821324161
10483	0.821353845
10540	0.821684059
10625	0.823847796
10625	0.824655079
10686	0.824726267
10710	0.82493167
10767	0.826388672
10767	0.826594534
10838	0.826935781
10880	0.827143343
10908	0.827319943
10929	0.827412433
11050	0.828727124
11050	0.830007646
11050	0.830143063
11050	0.830625937
11050	0.830881133
11171	0.830893927
11192	0.831059246
11220	0.831193447
11263	0.831366413
11293	0.831415333
11333	0.836651035
11333	0.837772923
11390	0.838070936
11475	0.838096285
11560	0.838114508
11617	0.839435023
11617	0.839462984
11657	0.839782254
11688	0.839789058
11730	0.839852957
11758	0.840272733
11779	0.840374117
11900	0.842503899
11900	0.842885649
11900	0.844111576
11900	0.84498642
12021	0.845015775
12042	0.845216266
12143	0.845973832
12183	0.846007343
12183	0.846141376
12240	0.846244447
12264	0.846715374
12325	0.846848532
12386	0.847192524
12410	0.847434196
12467	0.848166697
12467	0.848259456
12507	0.848424171
12538	0.848485177
12580	0.848496474
12608	0.848631254
12629	0.848741253
12750	0.84967987
12750	0.8514656
12750	0.852123243
12750	0.852617543
12750	0.852953187
12871	0.852962915
12892	0.853344693
12963	0.853516985
12993	0.853635006
13033	0.85446652
13033	0.854739039
13090	0.854859688
13114	0.854907229
13175	0.855496117
13260	0.855505923
13317	0.856101119
13317	0.85654665
13357	0.856757407
13388	0.857172625
13430	0.857265734
13458	0.857484604
13479	0.857492341
13600	0.861317228
13600	0.861768244
13600	0.863598132
13600	0.86435624
13600	0.864380113
13721	0.864452865
13742	0.864650891
13813	0.865341179
13843	0.865353481
13883	0.866159743
13883	0.866503399
13964	0.866583864
14025	0.866640655
14025	0.866680108
14086	0.866690563
14167	0.87166259
14167	0.873348951
14207	0.873612141
14238	0.874064616
14280	0.874805144
14450	0.875478342
14450	0.875824525
14450	0.876132332
14450	0.876423402
14571	0.876946747
14592	0.876962356
14663	0.877004577
14733	0.877106296
14733	0.877302895
14814	0.877418977
14875	0.878024015
14875	0.878059929
14936	0.878142294
14960	0.878369037
15017	0.879134493
15017	0.879272143
15057	0.879316458
15130	0.879407025
15158	0.879456475
15179	0.879476908
15300	0.881219704
15300	0.881870948
15300	0.882124675
15300	0.882604452
15300	0.882837498
15442	0.882900029
15470	0.883012271
15543	0.883019413
15583	0.883221094
15583	0.883561203
15725	0.88366941
15725	0.883712298
15867	0.884617858
15867	0.884789928
15938	0.885103218
16008	0.885282185
16029	0.885299078
16150	0.886208361
16150	0.886240295
16150	0.886421689
16150	0.886435587
16150	0.886450753
16271	0.886557031
16292	0.886660538
16320	0.886966779
16433	0.887131171
16433	0.887145707
16490	0.887471463
16514	0.887517332
16575	0.887725678
16575	0.887979398
16636	0.888078448
16660	0.88854792
16717	0.889525296
16717	0.889533454
16788	0.889545995
16830	0.889850265
17000	0.894453236
17000	0.896527781
17000	0.89809583
17000	0.898977684
17000	0.899252327
17142	0.899398684
17213	0.899589483
17283	0.900591215
17283	0.900744692
17340	0.900831428
17364	0.90095029
17425	0.901109748
17567	0.903071655
17567	0.903155242
17607	0.903228822
17638	0.903751136
17680	0.904188765
17708	0.904223076
17850	0.904707958
17850	0.905093606
17850	0.905118151
17850	0.905130766
17971	0.905141931
17992	0.905150241
18133	0.905704227
18133	0.905796256
18214	0.905920028
18275	0.905947678
18275	0.905972287
18336	0.905982514
18360	0.906020355
18417	0.906463118
18417	0.906671386
18488	0.9069822
18700	0.90782193
18700	0.908709038
18700	0.909143616
18700	0.909183933
18700	0.909192787
18842	0.909296897
18870	0.909307397
18913	0.909318788
18983	0.90954497
19125	0.909933121
19125	0.909943321
19267	0.910051417
19267	0.910210507
19307	0.910230737
19338	0.910290611
19380	0.91040529
19429	0.910441402
19550	0.910913354
19550	0.911188437
19550	0.91130794
19720	0.91133888
19833	0.912879727
19833	0.912990334
20036	0.913118357
20117	0.913314945
20117	0.913504113
20188	0.913747461
20279	0.913927458
20400	0.915900871
20400	0.916725489
20400	0.916918096
20400	0.91720351
20570	0.917336569
20740	0.917456137
20825	0.917515001
20967	0.917773438
21038	0.918132763
21108	0.918368444
21129	0.918590865
21250	0.920119623
21250	0.922275638
21250	0.922326395
21250	0.922684951
21392	0.922754575
21420	0.922834098
21493	0.922843416
21533	0.923013813
21533	0.923022748
21675	0.923144393
21675	0.923214017
21760	0.923256058
21817	0.923682927
21857	0.923695124
21888	0.923874374
21958	0.924045865
22100	0.924167897
22100	0.924255784
22313	0.925417783
22383	0.925637851
22440	0.925659705
22586	0.925782988
22610	0.925793927
22667	0.927560163
22667	0.927846086
22950	0.928148995
22950	0.928179453
22950	0.928219138
22950	0.92829135
23071	0.928398465
23120	0.928419743
23163	0.928431166
23233	0.928820197
23290	0.929158536
23375	0.929223124
23375	0.929241181
23517	0.929283049
23517	0.92929364
23588	0.930069393
23800	0.930284574
23800	0.930428235
23800	0.930744359
24013	0.930751163
24083	0.930842435
24140	0.930848921
24225	0.930998332
24286	0.931670058
24310	0.931689717
24367	0.931878793
24480	0.932117082
24650	0.932176557
24650	0.932184902
24650	0.932270091
24771	0.93241085
24792	0.932475574
24820	0.93257598
24863	0.932591996
24933	0.932882444
24990	0.932890011
25075	0.933185422
25136	0.933343443
25217	0.933502106
25217	0.933556982
25288	0.934260071
25330	0.934521297
25500	0.935186198
25500	0.935692184
25500	0.936359492
25500	0.936539768
25500	0.936550161
25642	0.936573819
25670	0.936760606
25713	0.936866028
25783	0.937262695
25783	0.937293644
25925	0.937313897
26067	0.937615863
26138	0.937701866
26180	0.938066743
26208	0.93813568
26350	0.938263251
26350	0.93827704
26350	0.938311962
26492	0.938317084
26520	0.938330452
26593	0.938397356
26633	0.938421755
26714	0.938434225
26775	0.938485622
26775	0.938729641
26917	0.938887869
26917	0.939077662
27200	0.939506404
27200	0.939515596
27200	0.940719694
27321	0.94072648
27483	0.940838019
27625	0.941147409
27767	0.941356938
27767	0.941557439
27929	0.941564186
28050	0.941720491
28050	0.941792851
28050	0.941806732
28192	0.941844844
28293	0.941861666
28333	0.94658831
28333	0.946852853
28414	0.947021877
28475	0.94714563
28560	0.947257881
28617	0.947358297
28617	0.947386178
28688	0.947628514
28900	0.947745375
28900	0.94788308
28900	0.947948957
29042	0.948049762
29070	0.948063073
29113	0.948074625
29183	0.948282903
29264	0.948319099
29467	0.948416106
29608	0.948444133
29750	0.949689435
29750	0.950354477
29750	0.950364957
29750	0.950406217
30236	0.950637774
30260	0.950802625
30357	0.950891225
30388	0.950964022
30458	0.950990308
30600	0.951298871
30600	0.951372452
30770	0.95137893
30813	0.951898792
31167	0.952597933
31167	0.952753765
31238	0.952839514
31450	0.952927513
31663	0.952967728
31733	0.953432955
31875	0.954237389
32017	0.954338785
32088	0.95447801
32300	0.954712442
32300	0.95485827
32300	0.954867609
32442	0.955186476
32583	0.955577619
32583	0.955971714
32725	0.95598742
32810	0.956065952
32867	0.956407048
33150	0.956538642
33433	0.956904099
33575	0.956932886
33717	0.957233835
33788	0.95725386
33830	0.959422493
34000	0.960959562
34000	0.96113029
34000	0.962553601
34000	0.962815079
34142	0.962876254
34283	0.962982091
34425	0.962990064
34425	0.963057298
34510	0.963067593
34567	0.963133854
34567	0.963223055
34638	0.963342311
34850	0.963362536
34850	0.963392082
35133	0.963556339
35133	0.963566193
35417	0.963889297
35417	0.963896482
35700	0.963908918
35983	0.96413153
35983	0.96436835
36040	0.964470735
36125	0.964836407
36267	0.964853093
36429	0.965209052
36550	0.965432561
36720	0.965496812
36833	0.96571421
37400	0.965847392
37613	0.966075864
37825	0.966631489
37825	0.966662907
37910	0.966678649
37967	0.96686672
38038	0.966942729
38250	0.967013432
38250	0.967025947
38250	0.967037982
38817	0.967071687
39100	0.967122885
39100	0.967131264
39270	0.967144046
39525	0.967193334
39667	0.967817438
39738	0.967832215
39950	0.967895561
40233	0.967946377
40517	0.967965661
40557	0.968123744
40800	0.968209365
40800	0.96839531
41083	0.968541941
41286	0.968556235
41367	0.968579698
41480	0.968660816
41933	0.968786568
42075	0.968794726
42075	0.96885135
42217	0.968928546
42500	0.969606184
42500	0.970644284
42500	0.971218245
42500	0.971730803
42713	0.971832194
42840	0.972173648
42925	0.972209675
43010	0.972428299
43138	0.972759722
43180	0.972768548
43229	0.972905037
43350	0.97306188
43350	0.973098715
43520	0.973266866
43633	0.973369153
43836	0.973537795
43917	0.97371178
43917	0.973898843
44058	0.973949245
44200	0.974148217
44200	0.974261024
44200	0.974287034
44483	0.974368845
44483	0.974435032
44625	0.97455631
44807	0.97504881
44838	0.975113429
45050	0.975504998
45050	0.975569617
45192	0.975658817
45333	0.975688612
45390	0.975791253
45900	0.975842064
46183	0.975939927
46750	0.976037233
47033	0.976053533
47317	0.976160774
47388	0.976240863
48025	0.976517288
48571	0.976555519
48733	0.976685676
49421	0.976779858
49583	0.976934762
49725	0.977095956
49867	0.977127619
49980	0.977285701
50029	0.977369727
51000	0.977976171
51000	0.978518504
51142	0.978788099
51283	0.979059643
51638	0.979498358
52063	0.97953647
52558	0.979659133
52870	0.979837223
53125	0.979860687
53550	0.979875402
53833	0.980148089
54117	0.980322255
54542	0.980384637
54764	0.980420177
55250	0.980538857
55250	0.98063937
55817	0.980703411
55979	0.980712167
56100	0.980781905
56383	0.980952859
56667	0.982153928
56667	0.982528034
56738	0.982722217
57375	0.982882046
57517	0.982898085
57658	0.982914141
58367	0.983035062
58367	0.983213768
58933	0.983382793
59500	0.983649674
59500	0.983680332
59500	0.983698962
59783	0.983744752
59783	0.98380376
60563	0.983833281
60633	0.984052761
60714	0.984242381
61200	0.984254133
61200	0.984311075
61413	0.984433738
61710	0.98456583
61767	0.984577027
61838	0.984611917
62333	0.984789426
62333	0.98500614
63070	0.985158078
63750	0.985201875
63750	0.98540305
64600	0.985534892
65308	0.985727225
65733	0.986067924
66017	0.986127384
66938	0.986245154
68000	0.986289939
68000	0.986501481
68850	0.986785225
69020	0.986801286
69190	0.987213081
69417	0.987693888
69700	0.987764982
70267	0.987787675
70833	0.988140427
70833	0.988153906
71117	0.9881699
71400	0.988257899
71740	0.988372872
73100	0.988544492
73525	0.988838938
73667	0.989039356
75650	0.98914779
76500	0.989254081
77138	0.989302681
78413	0.989438473
79900	0.989538499
80750	0.989730983
81033	0.98976275
82450	0.989772463
82733	0.989935921
83130	0.990173625
85000	0.991495738
85000	0.991668272
86133	0.992003887
86488	0.9934702
87833	0.993691522
88060	0.993849605
88117	0.994032768
89533	0.994188344
89675	0.994222351
90313	0.994229952
90667	0.994242608
91120	0.994269802
92140	0.994524073
93500	0.994655915
93500	0.995099916
95838	0.995214525
98033	0.995242964
100300	0.995331893
102000	0.99557081
102142	0.995588617
102425	0.995598575
103913	0.99579586
104692	0.995814377
106250	0.995829483
111917	0.995839453
113192	0.995849147
113900	0.995981264
115317	0.996634778
115600	0.996811424
118150	0.996822373
119567	0.99693184
120417	0.996967246
120983	0.997504283
121975	0.997558392
127783	0.997654068
130617	0.99767087
136000	0.99788406
137530	0.997915357
141525	0.998374862
153567	0.998548803
156613	0.998706886
156967	0.998719062
172833	0.998899554
178713	0.999161824
189550	0.999259544
209383	0.999422715
244517	0.999863577
282767	1
