99	0.003881184
100	0.007539619
105	0.007654781
110	0.008097047
115	0.00810813
120	0.008773732
130	0.009011984
140	0.009274666
144	0.009645607
150	0.011653616
155	0.011728106
160	0.0117902
168	0.011803608
170	0.011955548
172	0.012094128
175	0.012112665
180	0.013772132
188	0.01394
192	0.0143118
200	0.019003593
215	0.019267311
220	0.019581886
222	0.019672256
225	0.021360462
230	0.021583423
240	0.022322126
244	0.0223306
250	0.02625456
255	0.02627849
256	0.026645911
260	0.026725238
262	0.026942733
270	0.027131315
275	0.027912287
276	0.028138849
280	0.028609612
289	0.028792218
290	0.028942217
299	0.029020431
300	0.041765231
310	0.041788835
315	0.041958443
320	0.043426735
324	0.043495306
325	0.04436003
330	0.044667187
336	0.044860586
337	0.044879188
340	0.04534796
344	0.045549408
350	0.051289484
352	0.051316661
353	0.051445642
354	0.051507434
355	0.051622163
356	0.051647274
360	0.052205882
364	0.052287727
365	0.052499112
369	0.052782438
370	0.052990369
373	0.05309865
374	0.053106076
375	0.054149855
378	0.054248391
380	0.054646883
385	0.054895883
390	0.055376472
395	0.055391401
398	0.055464094
400	0.083193179
406	0.083226357
408	0.083251309
414	0.083333759
415	0.083433732
418	0.083463225
420	0.083768167
423	0.083815603
424	0.083965889
425	0.084315505
427	0.084330705
428	0.084417189
430	0.084595497
432	0.084954949
440	0.085483759
448	0.085601265
450	0.097005395
456	0.097149405
460	0.097360128
462	0.097377361
464	0.097395817
465	0.097619455
470	0.097788551
473	0.097974784
475	0.099038996
478	0.099146571
480	0.100813872
482	0.100919625
483	0.101238051
485	0.101490313
486	0.101613106
489	0.101747518
490	0.101837833
495	0.101901457
496	0.101902105
499	0.102132353
500	0.147180148
503	0.14738108
504	0.147395453
506	0.147823565
507	0.147835569
508	0.148203122
510	0.148577726
512	0.148623584
513	0.148812199
515	0.149021119
519	0.149192167
520	0.149507618
522	0.149620982
523	0.149639361
525	0.150564939
526	0.150578956
528	0.150601714
532	0.150617015
533	0.150634878
535	0.150899283
536	0.150942442
540	0.152262
541	0.152379665
542	0.152650312
544	0.152721164
545	0.15291121
546	0.152922358
550	0.1653241
551	0.165454695
553	0.165709062
554	0.165813999
556	0.165862938
558	0.166194594
560	0.167552373
561	0.167756407
562	0.168084355
563	0.168084355
564	0.168142532
565	0.168709046
566	0.168771664
567	0.16889517
570	0.169191865
571	0.169731615
572	0.169928518
575	0.17076685
576	0.17129794
577	0.171438566
578	0.171605925
580	0.173098363
583	0.173112911
584	0.17335985
588	0.173455347
589	0.173591321
590	0.173625559
594	0.173901202
595	0.174117181
596	0.174330276
598	0.174482957
600	0.231334557
601	0.231568444
602	0.231628175
604	0.231642525
605	0.231691768
608	0.231929861
609	0.23208066
610	0.232362672
611	0.232490263
614	0.23272771
615	0.232838048
616	0.233302941
617	0.233561632
619	0.233675635
620	0.23528897
621	0.235488487
623	0.23574303
624	0.236005453
625	0.23857728
627	0.238589345
628	0.238739275
630	0.239352488
631	0.239619143
632	0.239826851
634	0.239933216
635	0.240170846
638	0.240203652
640	0.241042118
641	0.241607418
642	0.241816874
645	0.242326252
647	0.242753341
648	0.243638885
649	0.243813803
650	0.262429228
651	0.262654627
653	0.2629101
654	0.26303847
655	0.26310273
657	0.26327074
658	0.263649633
659	0.263893068
660	0.265929596
661	0.266075452
662	0.266606581
663	0.266896887
664	0.267195678
665	0.267301252
667	0.267383863
670	0.268341369
672	0.268502635
674	0.268681154
675	0.271433752
676	0.271713154
678	0.271846831
680	0.27366354
682	0.273835055
685	0.274811265
686	0.275347342
690	0.275874085
692	0.27604471
693	0.276109779
694	0.276453717
695	0.27718354
700	0.335617342
701	0.335866373
703	0.336309102
704	0.336626046
705	0.336964925
706	0.336989691
707	0.337363136
709	0.337810207
710	0.338197588
713	0.3383184
714	0.338928777
715	0.339258776
717	0.339437296
718	0.339631343
719	0.339991183
720	0.343020304
721	0.34314164
723	0.343323297
724	0.343373626
725	0.345107182
727	0.345415696
728	0.345694338
729	0.346304729
730	0.347272873
733	0.347670128
734	0.347896632
735	0.348305339
736	0.348318243
738	0.348420317
739	0.348642209
740	0.350643605
741	0.351041102
743	0.351082502
744	0.351528857
745	0.351643281
746	0.351665141
748	0.352228458
750	0.382054996
753	0.382097968
754	0.382342255
755	0.382478736
756	0.382631491
759	0.383357062
760	0.385285871
762	0.385534807
763	0.385995675
768	0.386362765
769	0.386665209
770	0.387329487
773	0.387575692
775	0.388662472
776	0.388808668
777	0.388902488
779	0.389091922
780	0.390809485
782	0.391162402
784	0.391273722
785	0.391713924
787	0.392041608
788	0.392054275
790	0.392230734
791	0.392453453
792	0.393016126
794	0.393588434
795	0.393827605
796	0.394317343
798	0.394625831
800	0.468736884
802	0.469490761
804	0.469906992
805	0.470101392
806	0.470281924
808	0.470553995
810	0.471283927
811	0.471551195
812	0.471777058
814	0.471939847
815	0.472742099
817	0.474693988
819	0.474748428
820	0.476176883
821	0.476429935
822	0.476508531
824	0.476857485
825	0.478973111
828	0.479307458
829	0.479688324
830	0.480401784
832	0.480421805
833	0.480489451
835	0.480757816
836	0.480898772
840	0.482898771
844	0.483102292
845	0.483339153
846	0.483399091
847	0.483831247
848	0.483991817
850	0.502259542
851	0.502931054
853	0.50325412
854	0.50339952
855	0.503885758
860	0.504883117
861	0.505229003
862	0.505382046
864	0.506630808
865	0.506784696
866	0.506901207
868	0.507053147
870	0.508561669
873	0.508780828
874	0.508934123
875	0.511026017
877	0.511230721
880	0.512596602
882	0.513115052
883	0.513228083
884	0.513673377
885	0.513779605
886	0.51423061
889	0.514511006
890	0.516323253
892	0.516569389
893	0.516601427
895	0.516780688
896	0.516879516
897	0.517580077
899	0.517749066
900	0.584975948
903	0.585135985
905	0.585859067
908	0.585913846
909	0.586054802
910	0.586682206
911	0.586798089
912	0.587296441
914	0.587503899
915	0.587662244
916	0.588023299
918	0.588241689
920	0.589650265
923	0.590229541
925	0.591532766
926	0.592203037
927	0.592610149
930	0.59301399
933	0.593500233
935	0.593857288
938	0.594148122
940	0.595118695
941	0.595300352
944	0.595468066
945	0.595775139
946	0.596025513
948	0.596224439
949	0.596837876
950	0.610286299
954	0.610462555
958	0.610649171
960	0.613946616
965	0.614114629
966	0.614335331
967	0.614581517
968	0.614808907
970	0.616092693
971	0.616239683
972	0.616655615
973	0.617001164
974	0.617235561
975	0.618818756
976	0.619404981
977	0.619653748
978	0.619873561
979	0.620027527
980	0.62416508
982	0.624371292
983	0.62490013
984	0.62524772
985	0.62632254
986	0.62684256
989	0.627040823
990	0.628837544
992	0.629128464
995	0.62937934
996	0.629408504
998	0.629765134
999	0.631084076
1000	0.710341997
1002	0.71072556
1004	0.711014173
1005	0.711528597
1008	0.711671594
1010	0.712434369
1011	0.712558421
1012	0.712854104
1015	0.713019104
1016	0.713171617
1017	0.713642559
1018	0.713691384
1020	0.714268097
1022	0.714335742
1023	0.714723623
1024	0.714790825
1025	0.715317077
1026	0.715515887
1028	0.716059024
1029	0.716272372
1030	0.717394756
1031	0.717644536
1032	0.717889483
1033	0.718005708
1035	0.718312807
1036	0.718664367
1039	0.718865676
1040	0.720065384
1044	0.721050841
1045	0.721162921
1046	0.721619878
1048	0.721909783
1050	0.726160556
1052	0.726344767
1054	0.726500674
1055	0.726851547
1056	0.727286615
1059	0.727401622
1060	0.727872808
1062	0.728483102
1064	0.728708825
1067	0.729235445
1068	0.729532165
1070	0.729786356
1073	0.729797117
1075	0.729923928
1076	0.730009771
1077	0.730197309
1080	0.730604412
1081	0.730862418
1082	0.731548899
1084	0.731697475
1085	0.731983597
1087	0.732172087
1094	0.732388854
1096	0.732726826
1097	0.732790815
1100	0.763980202
1102	0.764410089
1104	0.764655626
1105	0.764817065
1106	0.764932008
1107	0.765128194
1110	0.765508362
1112	0.765588976
1115	0.765899317
1116	0.76632564
1120	0.766753738
1121	0.766966114
1122	0.767030562
1123	0.767171187
1125	0.767403212
1126	0.767654707
1130	0.767994286
1134	0.768444245
1137	0.76858375
1140	0.769413406
1143	0.769483743
1145	0.769694862
1147	0.770131248
1149	0.77015679
1150	0.772933685
1155	0.772942765
1156	0.773120043
1157	0.773557317
1158	0.773819489
1160	0.774370466
1167	0.775344968
1170	0.776108157
1171	0.776551784
1174	0.776758789
1175	0.777034124
1177	0.777279801
1178	0.777328271
1180	0.77836251
1185	0.778547722
1186	0.779062818
1187	0.779191147
1189	0.7793813
1190	0.77957277
1194	0.779639288
1195	0.780032113
1199	0.780095184
1200	0.838623415
1201	0.838867499
1203	0.838958704
1206	0.839290417
1209	0.839464093
1212	0.8395105
1213	0.839942278
1214	0.840271153
1215	0.841140057
1216	0.841153808
1217	0.841391194
1218	0.84157773
1220	0.841748957
1222	0.841837356
1226	0.842138649
1230	0.842219957
1232	0.842967276
1233	0.843117977
1235	0.843323961
1236	0.843552965
1240	0.843666491
1242	0.843843161
1243	0.843981696
1244	0.844133515
1245	0.844441089
1247	0.844562232
1248	0.844575549
1250	0.852376148
1256	0.852506395
1259	0.852652725
1260	0.853059057
1261	0.853302704
1263	0.853432986
1265	0.853907228
1266	0.854035894
1267	0.854272376
1270	0.854533351
1273	0.854711405
1274	0.854907176
1275	0.855025279
1276	0.855246301
1278	0.855572525
1280	0.856313692
1284	0.85648244
1290	0.856843461
1293	0.856917919
1296	0.85713951
1297	0.85752736
1298	0.857664688
1300	0.871640812
1311	0.872079701
1314	0.872299092
1316	0.872364438
1320	0.872865214
1322	0.873119657
1325	0.873354374
1328	0.873450667
1330	0.873483347
1334	0.873832959
1335	0.874043324
1336	0.874257251
1342	0.874423326
1344	0.874856954
1346	0.875135313
1350	0.877811239
1360	0.87786954
1362	0.878043785
1366	0.878074557
1369	0.878206664
1370	0.878344603
1372	0.878677554
1373	0.878877772
1375	0.879014144
1380	0.879315265
1389	0.879550535
1390	0.879714963
1397	0.879823637
1400	0.893814368
1405	0.894056624
1407	0.894199859
1410	0.894404249
1418	0.894580089
1419	0.894896197
1420	0.895096604
1425	0.895245137
1428	0.895353811
1430	0.895412588
1432	0.895644613
1438	0.895726851
1440	0.896327729
1445	0.896409037
1450	0.898113178
1455	0.898270401
1462	0.898450053
1463	0.898637556
1470	0.898828998
1473	0.899022735
1474	0.899208745
1475	0.899507297
1480	0.899636135
1490	0.899898165
1500	0.92104398
1501	0.921236797
1509	0.92130754
1512	0.921509479
1525	0.921966634
1526	0.922194512
1530	0.922406599
1539	0.922541566
1550	0.923210384
1560	0.923592995
1575	0.923795215
1580	0.924058677
1585	0.924100744
1592	0.924191171
1596	0.924250088
1600	0.933043077
1601	0.933186312
1610	0.933325699
1624	0.933374525
1625	0.933569855
1632	0.93378784
1649	0.934025143
1650	0.935140174
1674	0.93518431
1679	0.935256318
1690	0.935384216
1700	0.941343903
1723	0.941495044
1728	0.941508144
1730	0.941692506
1750	0.943575111
1790	0.943770882
1800	0.953463898
1825	0.953635563
1838	0.953743143
1842	0.953824138
1849	0.954171234
1850	0.954203908
1860	0.95447144
1875	0.954516657
1880	0.954754047
1900	0.956250264
1920	0.956313727
1925	0.956569081
1931	0.956620732
1975	0.956679126
1980	0.956715697
1990	0.956715697
2000	0.966882824
2090	0.967023639
2100	0.96750459
2135	0.967569759
2146	0.967623223
2153	0.967762446
2160	0.967937047
2200	0.970906396
2240	0.97126529
2250	0.971350483
2299	0.971727307
2300	0.972351481
2388	0.972391995
2400	0.975011532
2478	0.975044241
2500	0.977379029
2535	0.97756733
2558	0.977782643
2600	0.97802535
2640	0.978079164
2700	0.978742187
2724	0.97882319
2790	0.979032998
2800	0.97930439
2802	0.979336677
2824	0.97941768
2832	0.979637839
3000	0.983408736
3100	0.983571256
3105	0.983645486
3185	0.983683236
3300	0.983793152
3314	0.98395601
3350	0.984030779
3447	0.98408183
3500	0.984285017
3600	0.984917951
3700	0.985099502
4000	0.985990489
4200	0.986370328
4300	0.986524049
4400	0.986694714
4500	0.987805139
4600	0.988010147
4800	0.988352359
5000	0.98912639
5200	0.989307976
5400	0.989515877
5490	0.989531882
5500	0.990770975
5550	0.991043604
5555	0.991432938
5625	0.991619004
5700	0.991840674
6000	0.992087913
6300	0.992231147
6500	0.992434104
6700	0.992448454
7000	0.992506804
8000	0.992644432
8020	0.992817227
9000	0.992961834
9725	0.993007652
9999	0.993091486
10000	0.99343058
10065	0.993707799
11000	0.994810183
24658	1
